x y
0 0.0614035087719
1000 0.0877192982456
2000 0.0625
3000 0.0581140350877
4000 0.0657894736842
5000 0.0866228070175
6000 0.0888157894737
7000 0.0668859649123
8000 0.0745614035088
9000 0.0635964912281
10000 0.0899122807018
11000 0.150219298246
12000 0.131578947368
13000 0.114035087719
14000 0.113815789474
15000 0.154605263158
16000 0.232894736842
17000 0.128728070175
18000 0.11951754386
19000 0.187719298246
20000 0.129824561404
21000 0.162719298246
22000 0.126535087719
23000 0.172587719298
24000 0.137061403509
25000 0.171052631579
26000 0.141666666667
27000 0.167105263158
28000 0.213596491228
29000 0.193859649123
30000 0.120614035088
31000 0.0921052631579
32000 0.177631578947
33000 0.106359649123
34000 0.0570175438596
35000 0.0603070175439
36000 0.0712719298246
37000 0.0690789473684
38000 0.0657894736842
39000 0.0482456140351
40000 0.0482456140351
41000 0.0482456140351
42000 0.0607456140351
43000 0.0482456140351
44000 0.0438596491228
45000 0.0800438596491
46000 0.0921052631579
47000 0.0438596491228
48000 0.0482456140351
49000 0.0438596491228
50000 0.0438596491228
51000 0.0438596491228
52000 0.0482456140351
53000 0.0438596491228
54000 0.0438596491228
55000 0.0438596491228
56000 0.0438596491228
57000 0.0438596491228
58000 0.0438596491228
59000 0.0438596491228
60000 0.0438596491228
61000 0.0438596491228
62000 0.0438596491228
63000 0.0438596491228
64000 0.0438596491228
65000 0.0438596491228
66000 0.0438596491228
67000 0.0394736842105
68000 0.0394736842105
69000 0.0570175438596
70000 0.0394736842105
71000 0.0394736842105
72000 0.0394736842105
73000 0.0394736842105
74000 0.0416666666667
75000 0.0394736842105
76000 0.0482456140351
77000 0.0574561403509
78000 0.0394736842105
79000 0.0524122807018
80000 0.0519736842105
81000 0.0629385964912
82000 0.0337719298246
83000 0.0833333333333
84000 0.0756578947368
85000 0.131578947368
86000 0.119956140351
87000 0.129166666667
88000 0.123026315789
89000 0.159868421053
90000 0.22149122807
91000 0.273245614035
92000 0.222587719298
93000 0.281578947368
94000 0.312719298246
95000 0.27774122807
96000 0.305701754386
97000 0.356960108605
98000 0.356469298246
99000 0.352976190476
100000 0.408771929825
101000 0.462969924812
102000 0.332785087719
103000 0.401368003342
104000 0.389630325815
105000 0.39844924812
106000 0.377412280702
107000 0.418421052632
108000 0.426660401003
109000 0.327788220551
110000 0.286403508772
111000 0.313377192982
112000 0.206359649123
113000 0.1875
114000 0.173684210526
115000 0.107894736842
116000 0.108552631579
117000 0.116666666667
118000 0.123903508772
119000 0.0921052631579
120000 0.0175438596491
121000 0.0285087719298
122000 0.00986842105263
123000 0.0504385964912
124000 0.0197368421053
125000 0.00657894736842
126000 0.0460526315789
127000 0.0241228070175
128000 0.030701754386
129000 0.0241228070175
130000 0.0495614035088
131000 0.0482456140351
132000 0.0350877192982
133000 0.0482456140351
134000 0.0438596491228
135000 0.0263157894737
136000 0.0263157894737
137000 0.0263157894737
138000 0.0482456140351
139000 0.0263157894737
140000 0.0263157894737
141000 0.0438596491228
142000 0.0263157894737
143000 0.0263157894737
144000 0.0263157894737
145000 0.0263157894737
146000 0.0263157894737
147000 0.0263157894737
148000 0.0263157894737
149000 0.0263157894737
150000 0.0263157894737
151000 0.0263157894737
152000 0.0263157894737
153000 0.0219298245614
154000 0.030701754386
155000 0.0263157894737
156000 0.0219298245614
157000 0.0219298245614
158000 0.0350877192982
159000 0.0394736842105
160000 0.0263157894737
161000 0.0201754385965
162000 0.0245614035088
163000 0.0377192982456
164000 0.0399122807018
165000 0.0377192982456
166000 0.055701754386
167000 0.0695175438596
168000 0.0453947368421
169000 0.0877192982456
170000 0.0646929824561
171000 0.0855263157895
172000 0.158333333333
173000 0.101973684211
174000 0.150657894737
175000 0.180043859649
176000 0.218640350877
177000 0.28201754386
178000 0.292763157895
179000 0.282289055973
180000 0.29451754386
181000 0.309116541353
182000 0.296412907268
183000 0.376221804511
184000 0.360484544695
185000 0.301127819549
186000 0.42240497076
187000 0.403947368421
188000 0.414692982456
189000 0.402537593985
190000 0.385432330827
191000 0.345394736842
192000 0.368405388471
193000 0.339160401003
194000 0.346835839599
195000 0.319768170426
196000 0.266666666667
197000 0.240601503759
198000 0.238377192982
199000 0.168201754386
200000 0.173245614035
201000 0.13201754386
202000 0.163377192982
203000 0.156798245614
204000 0.0526315789474
205000 0.117324561404
206000 0.0
207000 0.0245614035088
208000 0.00438596491228
209000 0.0482456140351
210000 0.0219298245614
211000 0.0438596491228
212000 0.0219298245614
213000 0.0219298245614
214000 0.0219298245614
215000 0.0219298245614
216000 0.0482456140351
217000 0.0219298245614
218000 0.0394736842105
219000 0.0361842105263
220000 0.0361842105263
221000 0.0361842105263
222000 0.0361842105263
223000 0.0405701754386
224000 0.0361842105263
225000 0.0361842105263
226000 0.0361842105263
227000 0.0537280701754
228000 0.0361842105263
229000 0.0361842105263
230000 0.0361842105263
231000 0.0361842105263
232000 0.0361842105263
233000 0.0537280701754
234000 0.0361842105263
235000 0.0361842105263
236000 0.0361842105263
237000 0.0537280701754
238000 0.0361842105263
239000 0.0230263157895
240000 0.0230263157895
241000 0.0230263157895
242000 0.0230263157895
243000 0.0230263157895
244000 0.0230263157895
245000 0.0361842105263
246000 0.0274122807018
247000 0.0344298245614
248000 0.031798245614
249000 0.0361842105263
250000 0.0552631578947
251000 0.059649122807
252000 0.0508771929825
253000 0.0800438596491
254000 0.0493421052632
255000 0.0662280701754
256000 0.0848684210526
257000 0.115131578947
258000 0.140131578947
259000 0.191228070175
260000 0.129166666667
261000 0.169078947368
262000 0.165131578947
263000 0.226315789474
264000 0.264035087719
265000 0.276096491228
266000 0.290570175439
267000 0.277568922306
268000 0.323464912281
269000 0.378947368421
270000 0.345243316625
271000 0.353258145363
272000 0.454934210526
273000 0.335447994987
274000 0.373464912281
275000 0.359074770259
276000 0.315272556391
277000 0.371036967419
278000 0.366040100251
279000 0.366259398496
280000 0.37305764411
281000 0.332675438596
282000 0.282581453634
283000 0.261293859649
284000 0.272713032581
285000 0.186842105263
286000 0.192324561404
287000 0.151754385965
288000 0.077850877193
289000 0.0701754385965
290000 0.0756578947368
291000 0.114473684211
292000 0.0552631578947
293000 0.0657894736842
294000 0.0581140350877
295000 0.0668859649123
296000 0.0263157894737
297000 0.0328947368421
298000 0.0394736842105
299000 0.0405701754386
300000 0.0350877192982
301000 0.0449561403509
302000 0.0416666666667
303000 0.0614035087719
304000 0.0394736842105
305000 0.0394736842105
306000 0.0394736842105
307000 0.0394736842105
308000 0.0394736842105
309000 0.0394736842105
310000 0.0657894736842
311000 0.0438596491228
312000 0.0394736842105
313000 0.0394736842105
314000 0.0394736842105
315000 0.0394736842105
316000 0.0526315789474
317000 0.0526315789474
318000 0.0394736842105
319000 0.0394736842105
320000 0.0394736842105
321000 0.0394736842105
322000 0.0394736842105
323000 0.0394736842105
324000 0.0438596491228
325000 0.0394736842105
326000 0.0526315789474
327000 0.0394736842105
328000 0.0394736842105
329000 0.0482456140351
330000 0.0394736842105
331000 0.0394736842105
332000 0.0438596491228
333000 0.0394736842105
334000 0.093201754386
335000 0.101973684211
336000 0.0771929824561
337000 0.0870614035088
338000 0.0842105263158
339000 0.0958333333333
340000 0.0789473684211
341000 0.094298245614
342000 0.0921052631579
343000 0.10350877193
344000 0.144736842105
345000 0.157894736842
